transaction_id,fee,mev_potential,mev_captured,creator_id,target_tx_id,type_of_user,block_number,block_created,builder_type,transaction_type
236271,30000000,0,0,2542,,unknown,1,1,attack,normal
236280,5000000,0,0,2541,,unknown,1,1,attack,normal
236268,4500000,0,0,2549,,unknown,1,1,attack,normal
236270,3200000,0,0,2557,,unknown,1,1,attack,normal
236284,2300000,73100,0,2557,,unknown,1,1,attack,normal
237461,0,0,0,6353,236284.0,unknown,1,1,attack,failed
236266,2000000,0,0,2550,,unknown,1,1,attack,normal
236269,2000000,0,0,2558,,unknown,1,1,attack,normal
236267,1900000,0,0,2544,,unknown,1,1,attack,normal
236281,1700000,0,0,2547,,unknown,1,1,attack,normal
236278,1100000,108000,0,2549,,unknown,1,1,attack,normal
236273,1000000,5630,0,2553,,unknown,1,1,attack,normal
236283,1000000,0,0,2555,,unknown,1,1,attack,normal
236265,630000,285000,0,2542,,unknown,1,1,attack,normal
236261,870000,0,0,2558,,unknown,1,1,attack,normal
236262,870000,0,0,2544,,unknown,1,1,attack,normal
236277,670000,0,0,2548,,unknown,1,1,attack,normal
236275,460000,0,0,2541,,unknown,1,1,attack,normal
236274,420000,0,0,2551,,unknown,1,1,attack,normal
236272,340000,0,0,2544,,unknown,1,1,attack,normal
236282,150000,14200,0,2553,,unknown,1,1,attack,normal
236263,150000,0,0,2544,,unknown,1,1,attack,normal
236279,150000,0,0,2544,,unknown,1,1,attack,normal
236276,87000,0,0,2542,,unknown,1,1,attack,normal
236264,85000,0,0,2560,,unknown,1,1,attack,normal
236286,43000000,0,0,2551,,unknown,2,2,attack,normal
236293,30000000,0,0,2557,,unknown,2,2,attack,normal
236297,19000000,0,0,2552,,unknown,2,2,attack,normal
236299,6300000,39400,0,2557,,unknown,2,2,attack,normal
237462,0,0,0,6354,236299.0,unknown,2,2,attack,failed
236294,5000000,0,0,2541,,unknown,2,2,attack,normal
236306,5000000,0,0,2548,,unknown,2,2,attack,normal
236298,2100000,0,0,2552,,unknown,2,2,attack,normal
236305,2000000,0,0,2549,,unknown,2,2,attack,normal
236308,2000000,0,0,2544,,unknown,2,2,attack,normal
236288,1400000,594000,0,2560,,unknown,2,2,attack,normal
236307,1100000,0,0,2549,,unknown,2,2,attack,normal
236290,870000,0,0,2549,,unknown,2,2,attack,normal
236291,660000,0,0,2549,,unknown,2,2,attack,normal
236296,660000,0,0,2554,,unknown,2,2,attack,normal
236295,220000,410000,0,2550,,unknown,2,2,attack,normal
236301,260000,0,0,2552,,unknown,2,2,attack,normal
236287,170000,0,0,2554,,unknown,2,2,attack,normal
236303,170000,0,0,2542,,unknown,2,2,attack,normal
236302,160000,0,0,2542,,unknown,2,2,attack,normal
236285,110000,0,0,2555,,unknown,2,2,attack,normal
236300,110000,0,0,2553,,unknown,2,2,attack,normal
236289,82000,0,0,2555,,unknown,2,2,attack,normal
236292,80000,0,0,2558,,unknown,2,2,attack,normal
236304,70000,0,0,2546,,unknown,2,2,attack,normal
236313,19000000,0,0,2558,,unknown,3,3,attack,normal
236319,3200000,0,0,2549,,unknown,3,3,attack,normal
236325,2000000,0,0,2558,,unknown,3,3,attack,normal
236310,1400000,285000,0,2557,,unknown,3,3,attack,normal
237463,0,0,0,6355,236310.0,unknown,3,3,attack,failed
236329,1600000,0,0,2542,,unknown,3,3,attack,normal
236316,1500000,0,0,2547,,unknown,3,3,attack,normal
236330,1500000,0,0,2554,,unknown,3,3,attack,normal
236312,1200000,0,0,2560,,unknown,3,3,attack,normal
236314,870000,0,0,2550,,unknown,3,3,attack,normal
236315,530000,0,0,2560,,unknown,3,3,attack,normal
236318,470000,0,0,2553,,unknown,3,3,attack,normal
236323,470000,0,0,2543,,unknown,3,3,attack,normal
236311,420000,0,0,2557,,unknown,3,3,attack,normal
236324,420000,0,0,2544,,unknown,3,3,attack,normal
236326,420000,0,0,2554,,unknown,3,3,attack,normal
236331,350000,0,0,2545,,unknown,3,3,attack,normal
236317,260000,0,0,2556,,unknown,3,3,attack,normal
236320,220000,0,0,2549,,unknown,3,3,attack,normal
236327,190000,0,0,2554,,unknown,3,3,attack,normal
236328,170000,0,0,2546,,unknown,3,3,attack,normal
236309,130000,0,0,2548,,unknown,3,3,attack,normal
236322,77000,5180,0,2557,,unknown,3,3,attack,normal
236321,80000,0,0,2558,,unknown,3,3,attack,normal
236332,80000,0,0,2553,,unknown,3,3,attack,normal
236343,5200000,0,0,2550,,unknown,4,4,attack,normal
236345,4500000,0,0,2553,,unknown,4,4,attack,normal
236350,2100000,0,0,2542,,unknown,4,4,attack,normal
236339,2000000,0,0,2542,,unknown,4,4,attack,normal
236355,2000000,0,0,2556,,unknown,4,4,attack,normal
236336,1700000,0,0,2549,,unknown,4,4,attack,normal
236347,1500000,0,0,2545,,unknown,4,4,attack,normal
236349,1500000,0,0,2547,,unknown,4,4,attack,normal
236342,1300000,0,0,2546,,unknown,4,4,attack,normal
236333,1000000,0,0,2551,,unknown,4,4,attack,normal
236356,1000000,0,0,2547,,unknown,4,4,attack,normal
236335,650000,0,0,2545,,unknown,4,4,attack,normal
236346,420000,0,0,2553,,unknown,4,4,attack,normal
236348,370000,0,0,2560,,unknown,4,4,attack,normal
236334,260000,0,0,2551,,unknown,4,4,attack,normal
236337,260000,0,0,2559,,unknown,4,4,attack,normal
236352,220000,0,0,2552,,unknown,4,4,attack,normal
236354,84000,128000,0,2552,,unknown,4,4,attack,normal
237464,0,0,0,6353,236354.0,unknown,4,4,attack,failed
236341,190000,0,0,2560,,unknown,4,4,attack,normal
236353,190000,0,0,2558,,unknown,4,4,attack,normal
236340,120000,0,0,2541,,unknown,4,4,attack,normal
236344,120000,0,0,2541,,unknown,4,4,attack,normal
236351,85000,33300,0,2555,,unknown,4,4,attack,normal
236338,77000,0,0,2542,,unknown,4,4,attack,normal
236358,43000000,0,0,2543,,unknown,5,5,attack,normal
236365,5000000,0,0,2549,,unknown,5,5,attack,normal
236367,5000000,0,0,2541,,unknown,5,5,attack,normal
236368,2500000,0,0,2547,,unknown,5,5,attack,normal
236370,2300000,0,0,2555,,unknown,5,5,attack,normal
236359,1000000,13900,0,2554,,unknown,5,5,attack,normal
237465,0,0,0,6354,236359.0,unknown,5,5,attack,failed
236360,1000000,0,0,2558,,unknown,5,5,attack,normal
236363,1000000,0,0,2551,,unknown,5,5,attack,normal
236378,670000,0,0,2552,,unknown,5,5,attack,normal
236375,320000,0,0,2543,,unknown,5,5,attack,normal
236366,310000,0,0,2542,,unknown,5,5,attack,normal
236361,300000,0,0,2557,,unknown,5,5,attack,normal
236373,260000,0,0,2557,,unknown,5,5,attack,normal
236379,160000,0,0,2553,,unknown,5,5,attack,normal
236371,150000,0,0,2557,,unknown,5,5,attack,normal
236364,120000,0,0,2546,,unknown,5,5,attack,normal
236377,120000,0,0,2549,,unknown,5,5,attack,normal
236369,82000,13900,0,2560,,unknown,5,5,attack,normal
236372,85000,0,0,2548,,unknown,5,5,attack,normal
236374,84000,0,0,2546,,unknown,5,5,attack,normal
236357,83000,0,0,2560,,unknown,5,5,attack,normal
236380,83000,0,0,2550,,unknown,5,5,attack,normal
236376,79000,0,0,2557,,unknown,5,5,attack,normal
236362,73000,0,0,2560,,unknown,5,5,attack,normal
236383,27000000,0,0,2554,,unknown,6,6,attack,normal
236385,5200000,0,0,2553,,unknown,6,6,attack,normal
236397,5000000,0,0,2554,,unknown,6,6,attack,normal
236403,530000,4320000,0,2555,,unknown,6,6,attack,normal
237466,0,0,0,6354,236403.0,unknown,6,6,attack,failed
236396,4500000,0,0,2549,,unknown,6,6,attack,normal
236389,3500000,0,0,2552,,unknown,6,6,attack,normal
236400,3500000,0,0,2544,,unknown,6,6,attack,normal
236384,2600000,16400,0,2544,,unknown,6,6,attack,normal
236404,2000000,0,0,2548,,unknown,6,6,attack,normal
236401,1400000,0,0,2550,,unknown,6,6,attack,normal
236388,1200000,0,0,2553,,unknown,6,6,attack,normal
236392,1100000,0,0,2553,,unknown,6,6,attack,normal
236402,1000000,35100,0,2544,,unknown,6,6,attack,normal
236399,600000,296000,0,2555,,unknown,6,6,attack,normal
236390,870000,0,0,2549,,unknown,6,6,attack,normal
236382,530000,0,0,2559,,unknown,6,6,attack,normal
236391,530000,0,0,2544,,unknown,6,6,attack,normal
236393,460000,0,0,2550,,unknown,6,6,attack,normal
236398,310000,0,0,2547,,unknown,6,6,attack,normal
236395,260000,0,0,2546,,unknown,6,6,attack,normal
236381,220000,0,0,2542,,unknown,6,6,attack,normal
236387,170000,0,0,2548,,unknown,6,6,attack,normal
236386,79000,0,0,2554,,unknown,6,6,attack,normal
236394,79000,0,0,2556,,unknown,6,6,attack,normal
236414,30000000,0,0,2546,,unknown,7,7,attack,normal
236406,5000000,0,0,2546,,unknown,7,7,attack,normal
236423,4200000,0,0,2551,,unknown,7,7,attack,normal
236427,3500000,0,0,2551,,unknown,7,7,attack,normal
236420,3200000,0,0,2556,,unknown,7,7,attack,normal
236405,2500000,0,0,2551,,unknown,7,7,attack,normal
236421,2500000,0,0,2556,,unknown,7,7,attack,normal
236409,2300000,0,0,2557,,unknown,7,7,attack,normal
236425,2300000,0,0,2553,,unknown,7,7,attack,normal
236418,2000000,0,0,2556,,unknown,7,7,attack,normal
236412,1600000,0,0,2548,,unknown,7,7,attack,normal
236419,1600000,0,0,2544,,unknown,7,7,attack,normal
236410,1100000,0,0,2558,,unknown,7,7,attack,normal
236424,670000,0,0,2556,,unknown,7,7,attack,normal
236413,240000,0,0,2552,,unknown,7,7,attack,normal
236428,240000,0,0,2543,,unknown,7,7,attack,normal
236422,170000,0,0,2548,,unknown,7,7,attack,normal
236407,120000,0,0,2554,,unknown,7,7,attack,normal
236426,120000,0,0,2546,,unknown,7,7,attack,normal
236415,98000,0,0,2549,,unknown,7,7,attack,normal
236417,87000,0,0,2542,,unknown,7,7,attack,normal
236411,79000,0,0,2544,,unknown,7,7,attack,normal
236408,70000,0,0,2545,,unknown,7,7,attack,normal
236416,70000,0,0,2558,,unknown,7,7,attack,normal
236432,19000000,0,0,2557,,unknown,8,8,attack,normal
236447,5200000,0,0,2558,,unknown,8,8,attack,normal
236439,3500000,13900,0,2547,,unknown,8,8,attack,normal
237467,0,0,0,6355,236439.0,unknown,8,8,attack,failed
236434,2300000,0,0,2558,,unknown,8,8,attack,normal
236440,2100000,43600,0,2555,,unknown,8,8,attack,normal
236437,2000000,0,0,2556,,unknown,8,8,attack,normal
236450,2000000,0,0,2554,,unknown,8,8,attack,normal
236449,1600000,0,0,2554,,unknown,8,8,attack,normal
236451,1000000,0,0,2557,,unknown,8,8,attack,normal
236436,970000,0,0,2554,,unknown,8,8,attack,normal
236431,630000,18600,0,2548,,unknown,8,8,attack,normal
236452,470000,0,0,2555,,unknown,8,8,attack,normal
236433,310000,0,0,2547,,unknown,8,8,attack,normal
236446,220000,84800,0,2548,,unknown,8,8,attack,normal
236430,220000,49100,0,2552,,unknown,8,8,attack,normal
236445,240000,0,0,2541,,unknown,8,8,attack,normal
236435,160000,5640,0,2554,,unknown,8,8,attack,normal
236443,160000,0,0,2556,,unknown,8,8,attack,normal
236448,150000,0,0,2555,,unknown,8,8,attack,normal
236438,120000,0,0,2543,,unknown,8,8,attack,normal
236444,120000,0,0,2554,,unknown,8,8,attack,normal
236429,110000,0,0,2560,,unknown,8,8,attack,normal
236441,77000,0,0,2553,,unknown,8,8,attack,normal
236442,77000,0,0,2546,,unknown,8,8,attack,normal
236475,110000,7190000,0,2560,,unknown,9,9,attack,normal
237468,0,0,0,6355,236475.0,unknown,9,9,attack,failed
236458,3600000,0,0,2558,,unknown,9,9,attack,normal
236465,2600000,0,0,2548,,unknown,9,9,attack,normal
236473,2400000,0,0,2553,,unknown,9,9,attack,normal
236463,2100000,0,0,2552,,unknown,9,9,attack,normal
236468,2000000,0,0,2544,,unknown,9,9,attack,normal
236460,1900000,0,0,2558,,unknown,9,9,attack,normal
236462,1800000,0,0,2556,,unknown,9,9,attack,normal
236471,1600000,0,0,2550,,unknown,9,9,attack,normal
236457,1500000,0,0,2546,,unknown,9,9,attack,normal
236474,1300000,0,0,2553,,unknown,9,9,attack,normal
236466,1100000,0,0,2557,,unknown,9,9,attack,normal
236459,350000,0,0,2546,,unknown,9,9,attack,normal
236455,320000,0,0,2554,,unknown,9,9,attack,normal
236464,310000,0,0,2543,,unknown,9,9,attack,normal
236454,130000,0,0,2548,,unknown,9,9,attack,normal
236469,130000,0,0,2548,,unknown,9,9,attack,normal
236467,120000,0,0,2542,,unknown,9,9,attack,normal
236470,83000,35600,0,2544,,unknown,9,9,attack,normal
236453,110000,0,0,2548,,unknown,9,9,attack,normal
236456,110000,0,0,2548,,unknown,9,9,attack,normal
236461,110000,0,0,2543,,unknown,9,9,attack,normal
236476,110000,0,0,2543,,unknown,9,9,attack,normal
236472,87000,0,0,2549,,unknown,9,9,attack,normal
236494,43000000,0,0,2560,,unknown,10,10,attack,normal
236486,6100000,0,0,2552,,unknown,10,10,attack,normal
236496,5200000,0,0,2549,,unknown,10,10,attack,normal
236479,3600000,0,0,2550,,unknown,10,10,attack,normal
236478,2000000,0,0,2558,,unknown,10,10,attack,normal
236480,320000,769000,0,2546,,unknown,10,10,attack,normal
237469,0,0,0,6354,236480.0,unknown,10,10,attack,failed
236499,1000000,0,0,2556,,unknown,10,10,attack,normal
236483,910000,0,0,2552,,unknown,10,10,attack,normal
236495,660000,17000,0,2560,,unknown,10,10,attack,normal
236497,600000,0,0,2558,,unknown,10,10,attack,normal
236491,530000,39400,0,2541,,unknown,10,10,attack,normal
236484,530000,0,0,2549,,unknown,10,10,attack,normal
236488,370000,0,0,2552,,unknown,10,10,attack,normal
236489,310000,0,0,2551,,unknown,10,10,attack,normal
236490,310000,0,0,2542,,unknown,10,10,attack,normal
236482,220000,0,0,2551,,unknown,10,10,attack,normal
236481,170000,0,0,2548,,unknown,10,10,attack,normal
236492,150000,0,0,2553,,unknown,10,10,attack,normal
236500,98000,42000,0,2559,,unknown,10,10,attack,normal
236493,130000,0,0,2560,,unknown,10,10,attack,normal
236485,110000,0,0,2543,,unknown,10,10,attack,normal
236487,100000,0,0,2544,,unknown,10,10,attack,normal
236477,85000,0,0,2558,,unknown,10,10,attack,normal
236498,83000,0,0,2554,,unknown,10,10,attack,normal
236518,3500000,0,0,2545,,unknown,11,11,attack,normal
236506,2300000,0,0,2545,,unknown,11,11,attack,normal
236512,2100000,0,0,2543,,unknown,11,11,attack,normal
236502,2000000,0,0,2552,,unknown,11,11,attack,normal
236523,2000000,0,0,2556,,unknown,11,11,attack,normal
236503,1600000,195000,0,2556,,unknown,11,11,attack,normal
237470,0,0,0,6354,236503.0,unknown,11,11,attack,failed
236524,1000000,139000,0,2560,,unknown,11,11,attack,normal
236516,970000,0,0,2543,,unknown,11,11,attack,normal
236504,910000,0,0,2550,,unknown,11,11,attack,normal
236514,110000,769000,0,2556,,unknown,11,11,attack,normal
236510,670000,0,0,2556,,unknown,11,11,attack,normal
236511,460000,0,0,2553,,unknown,11,11,attack,normal
236501,260000,0,0,2552,,unknown,11,11,attack,normal
236508,220000,0,0,2553,,unknown,11,11,attack,normal
236515,170000,0,0,2556,,unknown,11,11,attack,normal
236519,160000,0,0,2546,,unknown,11,11,attack,normal
236521,160000,0,0,2548,,unknown,11,11,attack,normal
236517,120000,0,0,2559,,unknown,11,11,attack,normal
236520,120000,0,0,2553,,unknown,11,11,attack,normal
236505,100000,0,0,2555,,unknown,11,11,attack,normal
236522,87000,0,0,2554,,unknown,11,11,attack,normal
236513,85000,0,0,2554,,unknown,11,11,attack,normal
236507,82000,0,0,2552,,unknown,11,11,attack,normal
236509,73000,0,0,2555,,unknown,11,11,attack,normal
236533,3500000,0,0,2544,,unknown,12,12,attack,normal
236540,2500000,0,0,2551,,unknown,12,12,attack,normal
236539,2000000,5630,0,2542,,unknown,12,12,attack,normal
237471,0,0,0,6355,236539.0,unknown,12,12,attack,failed
236542,2000000,0,0,2549,,unknown,12,12,attack,normal
236548,1700000,0,0,2555,,unknown,12,12,attack,normal
236531,1500000,0,0,2549,,unknown,12,12,attack,normal
236536,600000,0,0,2556,,unknown,12,12,attack,normal
236530,530000,0,0,2560,,unknown,12,12,attack,normal
236547,420000,0,0,2544,,unknown,12,12,attack,normal
236545,370000,0,0,2553,,unknown,12,12,attack,normal
236538,350000,0,0,2544,,unknown,12,12,attack,normal
236543,350000,0,0,2558,,unknown,12,12,attack,normal
236525,340000,0,0,2541,,unknown,12,12,attack,normal
236535,310000,0,0,2552,,unknown,12,12,attack,normal
236534,240000,0,0,2556,,unknown,12,12,attack,normal
236527,220000,0,0,2549,,unknown,12,12,attack,normal
236528,220000,0,0,2546,,unknown,12,12,attack,normal
236532,170000,0,0,2544,,unknown,12,12,attack,normal
236537,170000,0,0,2541,,unknown,12,12,attack,normal
236526,160000,0,0,2558,,unknown,12,12,attack,normal
236544,160000,0,0,2560,,unknown,12,12,attack,normal
236529,120000,0,0,2548,,unknown,12,12,attack,normal
236541,80000,0,0,2560,,unknown,12,12,attack,normal
236546,70000,0,0,2553,,unknown,12,12,attack,normal
236563,5000000,0,0,2558,,unknown,13,13,attack,normal
236566,4500000,56200,0,2545,,unknown,13,13,attack,normal
237472,0,0,0,6353,236566.0,unknown,13,13,attack,failed
236549,4200000,0,0,2549,,unknown,13,13,attack,normal
236570,1800000,0,0,2556,,unknown,13,13,attack,normal
236551,1500000,3130,0,2560,,unknown,13,13,attack,normal
236550,1500000,0,0,2545,,unknown,13,13,attack,normal
236572,1000000,16400,0,2558,,unknown,13,13,attack,normal
236556,1000000,11200,0,2541,,unknown,13,13,attack,normal
236560,1000000,0,0,2541,,unknown,13,13,attack,normal
236559,970000,0,0,2555,,unknown,13,13,attack,normal
236561,870000,0,0,2551,,unknown,13,13,attack,normal
236552,600000,0,0,2553,,unknown,13,13,attack,normal
236562,600000,0,0,2559,,unknown,13,13,attack,normal
236557,470000,0,0,2551,,unknown,13,13,attack,normal
236564,310000,0,0,2558,,unknown,13,13,attack,normal
236569,310000,0,0,2559,,unknown,13,13,attack,normal
236567,190000,60700,0,2544,,unknown,13,13,attack,normal
236553,220000,0,0,2546,,unknown,13,13,attack,normal
236558,150000,0,0,2556,,unknown,13,13,attack,normal
236568,120000,15700,0,2552,,unknown,13,13,attack,normal
236555,120000,0,0,2549,,unknown,13,13,attack,normal
236565,120000,0,0,2558,,unknown,13,13,attack,normal
236554,110000,0,0,2548,,unknown,13,13,attack,normal
236571,110000,0,0,2552,,unknown,13,13,attack,normal
236573,43000000,0,0,2541,,unknown,14,14,attack,normal
236592,30000000,0,0,2546,,unknown,14,14,attack,normal
236583,2500000,0,0,2558,,unknown,14,14,attack,normal
236587,2300000,31700,0,2558,,unknown,14,14,attack,normal
237473,0,0,0,6355,236587.0,unknown,14,14,attack,failed
236585,2000000,155000,0,2544,,unknown,14,14,attack,normal
236596,2000000,0,0,2544,,unknown,14,14,attack,normal
236590,1800000,0,0,2558,,unknown,14,14,attack,normal
236576,1700000,30200,0,2560,,unknown,14,14,attack,normal
236581,1400000,0,0,2556,,unknown,14,14,attack,normal
236594,1100000,0,0,2549,,unknown,14,14,attack,normal
236578,1000000,0,0,2544,,unknown,14,14,attack,normal
236588,870000,0,0,2541,,unknown,14,14,attack,normal
236591,670000,0,0,2546,,unknown,14,14,attack,normal
236577,660000,0,0,2553,,unknown,14,14,attack,normal
236580,470000,0,0,2556,,unknown,14,14,attack,normal
236579,460000,0,0,2541,,unknown,14,14,attack,normal
236595,460000,0,0,2560,,unknown,14,14,attack,normal
236574,300000,0,0,2544,,unknown,14,14,attack,normal
236575,150000,128000,0,2548,,unknown,14,14,attack,normal
236593,120000,0,0,2557,,unknown,14,14,attack,normal
236589,85000,0,0,2555,,unknown,14,14,attack,normal
236584,84000,0,0,2547,,unknown,14,14,attack,normal
236582,83000,0,0,2545,,unknown,14,14,attack,normal
236586,70000,0,0,2549,,unknown,14,14,attack,normal
236600,5000000,0,0,2552,,unknown,15,15,attack,normal
236607,4500000,0,0,2551,,unknown,15,15,attack,normal
236598,2600000,0,0,2550,,unknown,15,15,attack,normal
236617,2000000,0,0,2559,,unknown,15,15,attack,normal
236619,1600000,0,0,2552,,unknown,15,15,attack,normal
236616,1400000,0,0,2557,,unknown,15,15,attack,normal
236614,1300000,0,0,2557,,unknown,15,15,attack,normal
236610,1000000,0,0,2543,,unknown,15,15,attack,normal
236618,1000000,0,0,2544,,unknown,15,15,attack,normal
236603,970000,5640,0,2551,,unknown,15,15,attack,normal
237474,0,0,0,6351,236603.0,unknown,15,15,attack,failed
236608,870000,0,0,2552,,unknown,15,15,attack,normal
236611,530000,0,0,2556,,unknown,15,15,attack,normal
236599,370000,0,0,2544,,unknown,15,15,attack,normal
236602,170000,195000,0,2556,,unknown,15,15,attack,normal
236615,350000,0,0,2560,,unknown,15,15,attack,normal
236606,340000,0,0,2552,,unknown,15,15,attack,normal
236601,310000,0,0,2542,,unknown,15,15,attack,normal
236613,300000,0,0,2545,,unknown,15,15,attack,normal
236620,260000,0,0,2552,,unknown,15,15,attack,normal
236612,240000,0,0,2554,,unknown,15,15,attack,normal
236604,160000,0,0,2551,,unknown,15,15,attack,normal
236605,160000,0,0,2555,,unknown,15,15,attack,normal
236609,120000,0,0,2560,,unknown,15,15,attack,normal
236597,80000,0,0,2552,,unknown,15,15,attack,normal
236621,27000000,0,0,2543,,unknown,16,16,attack,normal
236639,5200000,0,0,2550,,unknown,16,16,attack,normal
236631,2600000,0,0,2556,,unknown,16,16,attack,normal
236643,2600000,0,0,2546,,unknown,16,16,attack,normal
236633,2500000,0,0,2558,,unknown,16,16,attack,normal
236630,2000000,0,0,2546,,unknown,16,16,attack,normal
236623,1700000,0,0,2545,,unknown,16,16,attack,normal
236628,1700000,0,0,2544,,unknown,16,16,attack,normal
236642,1400000,0,0,2547,,unknown,16,16,attack,normal
236638,1200000,0,0,2555,,unknown,16,16,attack,normal
236644,1000000,0,0,2557,,unknown,16,16,attack,normal
236627,660000,0,0,2560,,unknown,16,16,attack,normal
236632,460000,75000,0,2550,,unknown,16,16,attack,normal
237475,0,0,0,6352,236632.0,unknown,16,16,attack,failed
236626,530000,0,0,2554,,unknown,16,16,attack,normal
236634,530000,0,0,2557,,unknown,16,16,attack,normal
236622,370000,0,0,2541,,unknown,16,16,attack,normal
236624,350000,0,0,2542,,unknown,16,16,attack,normal
236641,260000,0,0,2541,,unknown,16,16,attack,normal
236629,170000,0,0,2556,,unknown,16,16,attack,normal
236636,160000,0,0,2551,,unknown,16,16,attack,normal
236640,120000,0,0,2553,,unknown,16,16,attack,normal
236637,100000,0,0,2550,,unknown,16,16,attack,normal
236625,84000,0,0,2552,,unknown,16,16,attack,normal
236635,82000,0,0,2549,,unknown,16,16,attack,normal
236663,4500000,0,0,2559,,unknown,17,17,attack,normal
236656,3600000,0,0,2550,,unknown,17,17,attack,normal
236651,3200000,0,0,2554,,unknown,17,17,attack,normal
236650,2300000,0,0,2552,,unknown,17,17,attack,normal
236668,2300000,0,0,2549,,unknown,17,17,attack,normal
236658,1900000,0,0,2556,,unknown,17,17,attack,normal
236647,1500000,161000,0,2551,,unknown,17,17,attack,normal
237476,0,0,0,6351,236647.0,unknown,17,17,attack,failed
236652,1500000,0,0,2554,,unknown,17,17,attack,normal
236662,1400000,0,0,2553,,unknown,17,17,attack,normal
236666,1300000,0,0,2553,,unknown,17,17,attack,normal
236659,1200000,0,0,2555,,unknown,17,17,attack,normal
236660,630000,0,0,2542,,unknown,17,17,attack,normal
236661,600000,0,0,2544,,unknown,17,17,attack,normal
236667,310000,285000,0,2547,,unknown,17,17,attack,normal
236657,420000,0,0,2552,,unknown,17,17,attack,normal
236646,310000,0,0,2558,,unknown,17,17,attack,normal
236664,310000,0,0,2556,,unknown,17,17,attack,normal
236653,220000,0,0,2556,,unknown,17,17,attack,normal
236654,220000,0,0,2560,,unknown,17,17,attack,normal
236665,150000,0,0,2559,,unknown,17,17,attack,normal
236648,120000,0,0,2549,,unknown,17,17,attack,normal
236645,110000,0,0,2542,,unknown,17,17,attack,normal
236655,84000,0,0,2546,,unknown,17,17,attack,normal
236649,77000,0,0,2552,,unknown,17,17,attack,normal
236683,30000000,0,0,2560,,unknown,18,18,attack,normal
236676,4200000,0,0,2550,,unknown,18,18,attack,normal
236672,2600000,0,0,2560,,unknown,18,18,attack,normal
236682,2600000,0,0,2544,,unknown,18,18,attack,normal
236677,2500000,16400,0,2552,,unknown,18,18,attack,normal
237477,0,0,0,6354,236677.0,unknown,18,18,attack,failed
236670,2400000,0,0,2544,,unknown,18,18,attack,normal
236686,2300000,0,0,2557,,unknown,18,18,attack,normal
236687,1900000,0,0,2555,,unknown,18,18,attack,normal
236681,1600000,0,0,2553,,unknown,18,18,attack,normal
236674,1300000,0,0,2548,,unknown,18,18,attack,normal
236671,870000,0,0,2560,,unknown,18,18,attack,normal
236692,870000,0,0,2556,,unknown,18,18,attack,normal
236680,630000,0,0,2550,,unknown,18,18,attack,normal
236685,530000,0,0,2550,,unknown,18,18,attack,normal
236690,150000,161000,0,2553,,unknown,18,18,attack,normal
236689,150000,128000,0,2557,,unknown,18,18,attack,normal
236691,150000,0,0,2548,,unknown,18,18,attack,normal
236673,120000,0,0,2560,,unknown,18,18,attack,normal
236675,120000,0,0,2542,,unknown,18,18,attack,normal
236679,120000,0,0,2551,,unknown,18,18,attack,normal
236669,110000,0,0,2548,,unknown,18,18,attack,normal
236688,110000,0,0,2548,,unknown,18,18,attack,normal
236684,98000,0,0,2544,,unknown,18,18,attack,normal
236678,84000,0,0,2559,,unknown,18,18,attack,normal
236694,5000000,0,0,2552,,unknown,19,19,attack,normal
236697,5000000,0,0,2560,,unknown,19,19,attack,normal
236707,4200000,0,0,2553,,unknown,19,19,attack,normal
236716,4200000,0,0,2554,,unknown,19,19,attack,normal
236714,2500000,0,0,2543,,unknown,19,19,attack,normal
236709,2000000,0,0,2544,,unknown,19,19,attack,normal
236693,1500000,0,0,2556,,unknown,19,19,attack,normal
236700,1500000,0,0,2542,,unknown,19,19,attack,normal
236699,1300000,0,0,2543,,unknown,19,19,attack,normal
236695,1200000,0,0,2548,,unknown,19,19,attack,normal
236711,1100000,0,0,2557,,unknown,19,19,attack,normal
236705,660000,350000,0,2544,,unknown,19,19,attack,normal
237478,0,0,0,6351,236705.0,unknown,19,19,attack,failed
236698,1000000,0,0,2556,,unknown,19,19,attack,normal
236703,660000,0,0,2542,,unknown,19,19,attack,normal
236710,370000,0,0,2558,,unknown,19,19,attack,normal
236702,320000,0,0,2541,,unknown,19,19,attack,normal
236712,310000,0,0,2549,,unknown,19,19,attack,normal
236713,260000,0,0,2549,,unknown,19,19,attack,normal
236706,170000,0,0,2543,,unknown,19,19,attack,normal
236696,150000,0,0,2559,,unknown,19,19,attack,normal
236708,120000,0,0,2551,,unknown,19,19,attack,normal
236715,120000,0,0,2548,,unknown,19,19,attack,normal
236704,110000,0,0,2555,,unknown,19,19,attack,normal
236701,98000,0,0,2547,,unknown,19,19,attack,normal
236738,43000000,0,0,2559,,unknown,20,20,attack,normal
236718,27000000,0,0,2546,,unknown,20,20,attack,normal
236734,4200000,0,0,2543,,unknown,20,20,attack,normal
236726,3600000,0,0,2557,,unknown,20,20,attack,normal
236735,3200000,0,0,2551,,unknown,20,20,attack,normal
236729,2000000,510000,0,2560,,unknown,20,20,attack,normal
237479,0,0,0,6351,236729.0,unknown,20,20,attack,failed
236719,2500000,0,0,2547,,unknown,20,20,attack,normal
236728,2400000,0,0,2553,,unknown,20,20,attack,normal
236721,660000,0,0,2552,,unknown,20,20,attack,normal
236730,650000,0,0,2546,,unknown,20,20,attack,normal
236732,650000,0,0,2550,,unknown,20,20,attack,normal
236733,460000,0,0,2548,,unknown,20,20,attack,normal
236727,420000,0,0,2549,,unknown,20,20,attack,normal
236720,350000,0,0,2554,,unknown,20,20,attack,normal
236731,310000,0,0,2555,,unknown,20,20,attack,normal
236737,300000,0,0,2560,,unknown,20,20,attack,normal
236725,260000,0,0,2552,,unknown,20,20,attack,normal
236740,220000,0,0,2549,,unknown,20,20,attack,normal
236736,120000,0,0,2557,,unknown,20,20,attack,normal
236717,110000,0,0,2559,,unknown,20,20,attack,normal
236739,110000,0,0,2551,,unknown,20,20,attack,normal
236723,82000,0,0,2556,,unknown,20,20,attack,normal
236724,82000,0,0,2559,,unknown,20,20,attack,normal
236722,70000,0,0,2546,,unknown,20,20,attack,normal
236742,30000000,33100,0,2541,,unknown,21,21,attack,normal
237480,0,0,0,6354,236742.0,unknown,21,21,attack,failed
236755,30000000,0,0,2549,,unknown,21,21,attack,normal
236759,30000000,0,0,2547,,unknown,21,21,attack,normal
236752,27000000,0,0,2550,,unknown,21,21,attack,normal
236757,5000000,0,0,2551,,unknown,21,21,attack,normal
236762,5000000,0,0,2542,,unknown,21,21,attack,normal
236744,2400000,0,0,2555,,unknown,21,21,attack,normal
236751,2400000,0,0,2560,,unknown,21,21,attack,normal
236743,1800000,0,0,2544,,unknown,21,21,attack,normal
236761,1400000,0,0,2555,,unknown,21,21,attack,normal
236763,1400000,0,0,2556,,unknown,21,21,attack,normal
236746,1100000,0,0,2544,,unknown,21,21,attack,normal
236749,1100000,0,0,2543,,unknown,21,21,attack,normal
236764,350000,0,0,2552,,unknown,21,21,attack,normal
236750,320000,0,0,2554,,unknown,21,21,attack,normal
236756,240000,0,0,2543,,unknown,21,21,attack,normal
236741,220000,0,0,2555,,unknown,21,21,attack,normal
236760,160000,0,0,2555,,unknown,21,21,attack,normal
236745,150000,0,0,2549,,unknown,21,21,attack,normal
236758,120000,0,0,2559,,unknown,21,21,attack,normal
236754,110000,0,0,2559,,unknown,21,21,attack,normal
236747,100000,0,0,2549,,unknown,21,21,attack,normal
236753,85000,0,0,2545,,unknown,21,21,attack,normal
236748,79000,0,0,2558,,unknown,21,21,attack,normal
236771,6100000,0,0,2550,,unknown,22,22,attack,normal
236773,5000000,0,0,2560,,unknown,22,22,attack,normal
236779,2400000,0,0,2550,,unknown,22,22,attack,normal
236770,2100000,0,0,2549,,unknown,22,22,attack,normal
236783,1800000,0,0,2542,,unknown,22,22,attack,normal
236780,1400000,0,0,2554,,unknown,22,22,attack,normal
236781,1100000,0,0,2549,,unknown,22,22,attack,normal
236774,1000000,0,0,2551,,unknown,22,22,attack,normal
236784,1000000,0,0,2548,,unknown,22,22,attack,normal
236765,970000,0,0,2557,,unknown,22,22,attack,normal
236776,670000,15100,0,2560,,unknown,22,22,attack,normal
237481,0,0,0,6351,236776.0,unknown,22,22,attack,failed
236778,460000,0,0,2553,,unknown,22,22,attack,normal
236768,370000,0,0,2558,,unknown,22,22,attack,normal
236772,350000,0,0,2558,,unknown,22,22,attack,normal
236786,320000,0,0,2553,,unknown,22,22,attack,normal
236775,240000,0,0,2549,,unknown,22,22,attack,normal
236769,160000,0,0,2554,,unknown,22,22,attack,normal
236787,160000,0,0,2543,,unknown,22,22,attack,normal
236782,150000,0,0,2554,,unknown,22,22,attack,normal
236766,120000,0,0,2542,,unknown,22,22,attack,normal
236767,87000,0,0,2542,,unknown,22,22,attack,normal
236777,82000,0,0,2541,,unknown,22,22,attack,normal
236785,73000,0,0,2548,,unknown,22,22,attack,normal
236788,73000,0,0,2543,,unknown,22,22,attack,normal
236807,30000000,13900,0,2552,,unknown,23,23,attack,normal
237482,0,0,0,6353,236807.0,unknown,23,23,attack,failed
236795,3600000,0,0,2550,,unknown,23,23,attack,normal
236791,2500000,0,0,2548,,unknown,23,23,attack,normal
236798,2000000,0,0,2551,,unknown,23,23,attack,normal
236801,2000000,0,0,2549,,unknown,23,23,attack,normal
236796,870000,0,0,2544,,unknown,23,23,attack,normal
236804,870000,0,0,2552,,unknown,23,23,attack,normal
236810,660000,13900,0,2554,,unknown,23,23,attack,normal
236809,660000,0,0,2558,,unknown,23,23,attack,normal
236793,600000,0,0,2550,,unknown,23,23,attack,normal
236808,600000,0,0,2559,,unknown,23,23,attack,normal
236797,160000,256000,0,2554,,unknown,23,23,attack,normal
236802,350000,36800,0,2550,,unknown,23,23,attack,normal
236794,350000,0,0,2541,,unknown,23,23,attack,normal
236812,350000,0,0,2545,,unknown,23,23,attack,normal
236792,340000,0,0,2560,,unknown,23,23,attack,normal
236806,340000,0,0,2555,,unknown,23,23,attack,normal
236805,310000,0,0,2553,,unknown,23,23,attack,normal
236799,260000,0,0,2559,,unknown,23,23,attack,normal
236789,150000,0,0,2552,,unknown,23,23,attack,normal
236811,150000,0,0,2551,,unknown,23,23,attack,normal
236800,120000,0,0,2551,,unknown,23,23,attack,normal
236790,73000,0,0,2550,,unknown,23,23,attack,normal
236803,70000,0,0,2556,,unknown,23,23,attack,normal
236813,6100000,0,0,2546,,unknown,24,24,attack,normal
236832,1500000,4320000,0,2550,,unknown,24,24,attack,normal
237483,0,0,0,6354,236832.0,unknown,24,24,attack,failed
236833,3600000,0,0,2559,,unknown,24,24,attack,normal
236818,3500000,0,0,2557,,unknown,24,24,attack,normal
236819,2300000,0,0,2559,,unknown,24,24,attack,normal
236831,1100000,0,0,2555,,unknown,24,24,attack,normal
236835,870000,0,0,2550,,unknown,24,24,attack,normal
236828,460000,5640,0,2555,,unknown,24,24,attack,normal
236836,420000,0,0,2553,,unknown,24,24,attack,normal
236822,370000,0,0,2547,,unknown,24,24,attack,normal
236834,370000,0,0,2545,,unknown,24,24,attack,normal
236817,310000,0,0,2547,,unknown,24,24,attack,normal
236824,300000,0,0,2544,,unknown,24,24,attack,normal
236821,220000,39400,0,2541,,unknown,24,24,attack,normal
236815,170000,0,0,2556,,unknown,24,24,attack,normal
236830,170000,0,0,2554,,unknown,24,24,attack,normal
236827,150000,0,0,2552,,unknown,24,24,attack,normal
236826,120000,0,0,2557,,unknown,24,24,attack,normal
236820,110000,0,0,2547,,unknown,24,24,attack,normal
236823,110000,0,0,2555,,unknown,24,24,attack,normal
236814,87000,0,0,2553,,unknown,24,24,attack,normal
236825,83000,0,0,2543,,unknown,24,24,attack,normal
236816,79000,0,0,2545,,unknown,24,24,attack,normal
236829,73000,0,0,2549,,unknown,24,24,attack,normal
236855,5000000,0,0,2558,,unknown,25,25,attack,normal
236845,3500000,0,0,2542,,unknown,25,25,attack,normal
236860,3200000,0,0,2550,,unknown,25,25,attack,normal
236850,2100000,0,0,2554,,unknown,25,25,attack,normal
236839,2000000,0,0,2546,,unknown,25,25,attack,normal
236848,2000000,0,0,2554,,unknown,25,25,attack,normal
236841,1600000,0,0,2546,,unknown,25,25,attack,normal
236847,1500000,49100,0,2552,,unknown,25,25,attack,normal
237484,0,0,0,6351,236847.0,unknown,25,25,attack,failed
236858,1300000,0,0,2548,,unknown,25,25,attack,normal
236846,1100000,0,0,2548,,unknown,25,25,attack,normal
236849,630000,0,0,2551,,unknown,25,25,attack,normal
236843,460000,0,0,2555,,unknown,25,25,attack,normal
236852,460000,0,0,2547,,unknown,25,25,attack,normal
236837,420000,0,0,2551,,unknown,25,25,attack,normal
236851,420000,0,0,2553,,unknown,25,25,attack,normal
236842,220000,0,0,2560,,unknown,25,25,attack,normal
236859,190000,0,0,2554,,unknown,25,25,attack,normal
236854,150000,0,0,2559,,unknown,25,25,attack,normal
236856,130000,0,0,2554,,unknown,25,25,attack,normal
236853,120000,0,0,2553,,unknown,25,25,attack,normal
236857,110000,0,0,2548,,unknown,25,25,attack,normal
236844,83000,24700,0,2554,,unknown,25,25,attack,normal
236840,84000,0,0,2555,,unknown,25,25,attack,normal
236838,80000,0,0,2549,,unknown,25,25,attack,normal
236868,6100000,0,0,2553,,unknown,26,26,attack,normal
236873,4200000,0,0,2543,,unknown,26,26,attack,normal
236861,2300000,0,0,2544,,unknown,26,26,attack,normal
236876,2300000,0,0,2549,,unknown,26,26,attack,normal
236870,2000000,0,0,2554,,unknown,26,26,attack,normal
236880,2000000,0,0,2551,,unknown,26,26,attack,normal
236881,1500000,0,0,2541,,unknown,26,26,attack,normal
236869,1300000,0,0,2559,,unknown,26,26,attack,normal
236865,1200000,0,0,2550,,unknown,26,26,attack,normal
236877,1100000,0,0,2542,,unknown,26,26,attack,normal
236875,1000000,0,0,2547,,unknown,26,26,attack,normal
236878,970000,0,0,2558,,unknown,26,26,attack,normal
236883,350000,0,0,2550,,unknown,26,26,attack,normal
236862,310000,0,0,2550,,unknown,26,26,attack,normal
236879,310000,0,0,2541,,unknown,26,26,attack,normal
236874,240000,0,0,2559,,unknown,26,26,attack,normal
236872,220000,0,0,2548,,unknown,26,26,attack,normal
236864,190000,0,0,2548,,unknown,26,26,attack,normal
236882,170000,0,0,2541,,unknown,26,26,attack,normal
236884,170000,0,0,2541,,unknown,26,26,attack,normal
236863,160000,0,0,2554,,unknown,26,26,attack,normal
236866,110000,0,0,2544,,unknown,26,26,attack,normal
236867,110000,0,0,2541,,unknown,26,26,attack,normal
236871,87000,0,0,2557,,unknown,26,26,attack,normal
236890,4500000,0,0,2552,,unknown,27,27,attack,normal
236892,2600000,0,0,2555,,unknown,27,27,attack,normal
236906,2300000,0,0,2558,,unknown,27,27,attack,normal
236897,2000000,0,0,2541,,unknown,27,27,attack,normal
236895,1900000,0,0,2554,,unknown,27,27,attack,normal
236886,1700000,0,0,2552,,unknown,27,27,attack,normal
236908,1500000,0,0,2544,,unknown,27,27,attack,normal
236905,910000,0,0,2552,,unknown,27,27,attack,normal
236896,870000,0,0,2549,,unknown,27,27,attack,normal
236891,460000,5630,0,2557,,unknown,27,27,attack,normal
237485,0,0,0,6355,236891.0,unknown,27,27,attack,failed
236899,360000,0,0,2544,,unknown,27,27,attack,normal
236907,340000,0,0,2552,,unknown,27,27,attack,normal
236898,320000,0,0,2558,,unknown,27,27,attack,normal
236887,310000,0,0,2558,,unknown,27,27,attack,normal
236900,260000,0,0,2553,,unknown,27,27,attack,normal
236894,150000,0,0,2551,,unknown,27,27,attack,normal
236902,120000,0,0,2553,,unknown,27,27,attack,normal
236901,110000,0,0,2542,,unknown,27,27,attack,normal
236903,98000,0,0,2554,,unknown,27,27,attack,normal
236889,80000,0,0,2552,,unknown,27,27,attack,normal
236893,80000,0,0,2545,,unknown,27,27,attack,normal
236904,79000,0,0,2558,,unknown,27,27,attack,normal
236885,70000,0,0,2559,,unknown,27,27,attack,normal
236888,70000,0,0,2553,,unknown,27,27,attack,normal
236919,19000000,0,0,2557,,unknown,28,28,attack,normal
236918,6300000,0,0,2544,,unknown,28,28,attack,normal
236922,4500000,0,0,2544,,unknown,28,28,attack,normal
236911,4200000,0,0,2555,,unknown,28,28,attack,normal
236932,3200000,0,0,2542,,unknown,28,28,attack,normal
236923,1900000,0,0,2549,,unknown,28,28,attack,normal
236921,1000000,35600,0,2555,,unknown,28,28,attack,normal
237486,0,0,0,6355,236921.0,unknown,28,28,attack,failed
236929,910000,0,0,2546,,unknown,28,28,attack,normal
236916,530000,283000,0,2554,,unknown,28,28,attack,normal
236930,460000,0,0,2543,,unknown,28,28,attack,normal
236917,340000,0,0,2543,,unknown,28,28,attack,normal
236931,320000,0,0,2560,,unknown,28,28,attack,normal
236909,310000,0,0,2555,,unknown,28,28,attack,normal
236913,220000,0,0,2547,,unknown,28,28,attack,normal
236920,170000,0,0,2557,,unknown,28,28,attack,normal
236924,170000,0,0,2541,,unknown,28,28,attack,normal
236927,170000,0,0,2542,,unknown,28,28,attack,normal
236912,150000,0,0,2552,,unknown,28,28,attack,normal
236915,150000,0,0,2551,,unknown,28,28,attack,normal
236914,120000,0,0,2560,,unknown,28,28,attack,normal
236926,110000,0,0,2560,,unknown,28,28,attack,normal
236928,110000,0,0,2541,,unknown,28,28,attack,normal
236910,84000,0,0,2557,,unknown,28,28,attack,normal
236925,84000,0,0,2542,,unknown,28,28,attack,normal
236934,4500000,0,0,2546,,unknown,29,29,attack,normal
236937,4500000,0,0,2560,,unknown,29,29,attack,normal
236936,2000000,0,0,2558,,unknown,29,29,attack,normal
236956,1600000,0,0,2545,,unknown,29,29,attack,normal
236933,160000,959000,0,2547,,unknown,29,29,attack,normal
237487,0,0,0,6353,236933.0,unknown,29,29,attack,failed
236947,970000,0,0,2560,,unknown,29,29,attack,normal
236944,910000,0,0,2544,,unknown,29,29,attack,normal
236951,670000,0,0,2552,,unknown,29,29,attack,normal
236954,600000,0,0,2554,,unknown,29,29,attack,normal
236952,530000,0,0,2557,,unknown,29,29,attack,normal
236945,360000,0,0,2544,,unknown,29,29,attack,normal
236935,350000,0,0,2554,,unknown,29,29,attack,normal
236939,350000,0,0,2557,,unknown,29,29,attack,normal
236949,160000,161000,0,2547,,unknown,29,29,attack,normal
236950,320000,0,0,2541,,unknown,29,29,attack,normal
236940,240000,0,0,2546,,unknown,29,29,attack,normal
236946,220000,0,0,2545,,unknown,29,29,attack,normal
236955,220000,0,0,2553,,unknown,29,29,attack,normal
236948,150000,0,0,2542,,unknown,29,29,attack,normal
236953,110000,0,0,2542,,unknown,29,29,attack,normal
236943,84000,0,0,2553,,unknown,29,29,attack,normal
236941,80000,0,0,2560,,unknown,29,29,attack,normal
236938,73000,5180,0,2553,,unknown,29,29,attack,normal
236942,73000,0,0,2554,,unknown,29,29,attack,normal
236970,5000000,0,0,2548,,unknown,30,30,attack,normal
236958,4500000,0,0,2542,,unknown,30,30,attack,normal
236980,2100000,0,0,2546,,unknown,30,30,attack,normal
236967,1500000,0,0,2545,,unknown,30,30,attack,normal
236975,1500000,0,0,2542,,unknown,30,30,attack,normal
236979,460000,779000,0,2554,,unknown,30,30,attack,normal
237488,0,0,0,6354,236979.0,unknown,30,30,attack,failed
236971,1000000,0,0,2552,,unknown,30,30,attack,normal
236972,910000,0,0,2545,,unknown,30,30,attack,normal
236977,650000,0,0,2554,,unknown,30,30,attack,normal
236976,600000,0,0,2557,,unknown,30,30,attack,normal
236964,470000,0,0,2552,,unknown,30,30,attack,normal
236966,460000,0,0,2555,,unknown,30,30,attack,normal
236978,310000,0,0,2555,,unknown,30,30,attack,normal
236973,260000,0,0,2558,,unknown,30,30,attack,normal
236965,220000,0,0,2551,,unknown,30,30,attack,normal
236959,170000,0,0,2547,,unknown,30,30,attack,normal
236974,160000,0,0,2542,,unknown,30,30,attack,normal
236968,150000,0,0,2553,,unknown,30,30,attack,normal
236963,110000,0,0,2548,,unknown,30,30,attack,normal
236969,98000,0,0,2559,,unknown,30,30,attack,normal
236962,85000,0,0,2555,,unknown,30,30,attack,normal
236961,83000,0,0,2552,,unknown,30,30,attack,normal
236957,77000,0,0,2544,,unknown,30,30,attack,normal
236960,73000,0,0,2560,,unknown,30,30,attack,normal
236988,30000000,0,0,2548,,unknown,31,31,attack,normal
236986,5200000,0,0,2542,,unknown,31,31,attack,normal
236996,5200000,0,0,2556,,unknown,31,31,attack,normal
236999,3600000,0,0,2559,,unknown,31,31,attack,normal
236993,3200000,381000,0,2546,,unknown,31,31,attack,normal
237489,0,0,0,6353,236993.0,unknown,31,31,attack,failed
236998,2400000,0,0,2549,,unknown,31,31,attack,normal
236989,2300000,0,0,2542,,unknown,31,31,attack,normal
236982,1600000,369000,0,2548,,unknown,31,31,attack,normal
236984,1700000,0,0,2553,,unknown,31,31,attack,normal
236992,1300000,0,0,2559,,unknown,31,31,attack,normal
236990,1000000,0,0,2541,,unknown,31,31,attack,normal
237002,600000,0,0,2558,,unknown,31,31,attack,normal
237001,350000,0,0,2542,,unknown,31,31,attack,normal
236987,340000,0,0,2550,,unknown,31,31,attack,normal
236991,120000,128000,0,2550,,unknown,31,31,attack,normal
236983,240000,0,0,2560,,unknown,31,31,attack,normal
236997,220000,0,0,2554,,unknown,31,31,attack,normal
236995,170000,0,0,2559,,unknown,31,31,attack,normal
237004,150000,0,0,2544,,unknown,31,31,attack,normal
236994,110000,0,0,2553,,unknown,31,31,attack,normal
237000,110000,0,0,2550,,unknown,31,31,attack,normal
236985,85000,0,0,2543,,unknown,31,31,attack,normal
236981,82000,0,0,2558,,unknown,31,31,attack,normal
237003,77000,0,0,2548,,unknown,31,31,attack,normal
237027,5200000,283000,0,2557,,unknown,32,32,attack,normal
237490,0,0,0,6355,237027.0,unknown,32,32,attack,failed
237028,5200000,0,0,2550,,unknown,32,32,attack,normal
237007,2400000,71800,0,2552,,unknown,32,32,attack,normal
237025,2400000,14200,0,2542,,unknown,32,32,attack,normal
237006,2000000,0,0,2558,,unknown,32,32,attack,normal
237009,1600000,0,0,2541,,unknown,32,32,attack,normal
237017,1600000,0,0,2551,,unknown,32,32,attack,normal
237019,1400000,21800,0,2560,,unknown,32,32,attack,normal
237026,1200000,0,0,2551,,unknown,32,32,attack,normal
237011,1100000,0,0,2550,,unknown,32,32,attack,normal
237013,1100000,0,0,2554,,unknown,32,32,attack,normal
237021,970000,0,0,2544,,unknown,32,32,attack,normal
237018,530000,0,0,2556,,unknown,32,32,attack,normal
237024,530000,0,0,2550,,unknown,32,32,attack,normal
237008,460000,0,0,2548,,unknown,32,32,attack,normal
237005,350000,0,0,2557,,unknown,32,32,attack,normal
237014,190000,33300,0,2558,,unknown,32,32,attack,normal
237010,220000,0,0,2555,,unknown,32,32,attack,normal
237020,170000,0,0,2549,,unknown,32,32,attack,normal
237023,160000,0,0,2550,,unknown,32,32,attack,normal
237012,87000,0,0,2557,,unknown,32,32,attack,normal
237016,84000,0,0,2550,,unknown,32,32,attack,normal
237015,77000,0,0,2552,,unknown,32,32,attack,normal
237022,77000,0,0,2553,,unknown,32,32,attack,normal
237039,5000000,0,0,2547,,unknown,33,33,attack,normal
237044,5000000,0,0,2556,,unknown,33,33,attack,normal
237034,3200000,0,0,2552,,unknown,33,33,attack,normal
237029,2400000,0,0,2555,,unknown,33,33,attack,normal
237037,2100000,0,0,2558,,unknown,33,33,attack,normal
237038,1600000,33100,0,2556,,unknown,33,33,attack,normal
237491,0,0,0,6354,237038.0,unknown,33,33,attack,failed
237051,1600000,0,0,2556,,unknown,33,33,attack,normal
237030,1500000,0,0,2548,,unknown,33,33,attack,normal
237046,1400000,0,0,2545,,unknown,33,33,attack,normal
237035,1200000,0,0,2556,,unknown,33,33,attack,normal
237033,1100000,0,0,2558,,unknown,33,33,attack,normal
237049,1000000,34700,0,2541,,unknown,33,33,attack,normal
237042,1000000,0,0,2541,,unknown,33,33,attack,normal
237032,910000,0,0,2544,,unknown,33,33,attack,normal
237045,460000,0,0,2552,,unknown,33,33,attack,normal
237052,460000,0,0,2546,,unknown,33,33,attack,normal
237048,220000,0,0,2544,,unknown,33,33,attack,normal
237041,190000,0,0,2558,,unknown,33,33,attack,normal
237040,170000,0,0,2560,,unknown,33,33,attack,normal
237050,130000,0,0,2555,,unknown,33,33,attack,normal
237031,98000,0,0,2557,,unknown,33,33,attack,normal
237047,79000,0,0,2541,,unknown,33,33,attack,normal
237036,73000,0,0,2542,,unknown,33,33,attack,normal
237043,70000,0,0,2542,,unknown,33,33,attack,normal
237061,30000000,0,0,2544,,unknown,34,34,attack,normal
237053,27000000,0,0,2550,,unknown,34,34,attack,normal
237071,6100000,0,0,2546,,unknown,34,34,attack,normal
237069,5000000,0,0,2548,,unknown,34,34,attack,normal
237076,3200000,0,0,2560,,unknown,34,34,attack,normal
237068,1200000,0,0,2560,,unknown,34,34,attack,normal
237070,1100000,12800,0,2557,,unknown,34,34,attack,normal
237492,0,0,0,6353,237070.0,unknown,34,34,attack,failed
237073,1000000,0,0,2544,,unknown,34,34,attack,normal
237072,670000,0,0,2546,,unknown,34,34,attack,normal
237075,670000,0,0,2541,,unknown,34,34,attack,normal
237054,530000,0,0,2551,,unknown,34,34,attack,normal
237066,470000,19700,0,2560,,unknown,34,34,attack,normal
237067,460000,0,0,2558,,unknown,34,34,attack,normal
237056,420000,0,0,2541,,unknown,34,34,attack,normal
237074,420000,0,0,2552,,unknown,34,34,attack,normal
237065,350000,0,0,2556,,unknown,34,34,attack,normal
237063,170000,84800,0,2551,,unknown,34,34,attack,normal
237064,170000,24700,0,2556,,unknown,34,34,attack,normal
237055,150000,0,0,2557,,unknown,34,34,attack,normal
237060,120000,0,0,2550,,unknown,34,34,attack,normal
237062,110000,0,0,2555,,unknown,34,34,attack,normal
237059,100000,0,0,2552,,unknown,34,34,attack,normal
237057,98000,0,0,2557,,unknown,34,34,attack,normal
237058,77000,0,0,2549,,unknown,34,34,attack,normal
237097,30000000,0,0,2556,,unknown,35,35,attack,normal
237092,19000000,0,0,2558,,unknown,35,35,attack,normal
237081,3600000,0,0,2550,,unknown,35,35,attack,normal
237094,3500000,0,0,2560,,unknown,35,35,attack,normal
237088,2100000,0,0,2555,,unknown,35,35,attack,normal
237079,2000000,0,0,2549,,unknown,35,35,attack,normal
237090,1500000,0,0,2549,,unknown,35,35,attack,normal
237077,1400000,0,0,2555,,unknown,35,35,attack,normal
237082,1100000,0,0,2544,,unknown,35,35,attack,normal
237095,1000000,0,0,2547,,unknown,35,35,attack,normal
237085,160000,594000,0,2548,,unknown,35,35,attack,normal
237493,0,0,0,6354,237085.0,unknown,35,35,attack,failed
237087,650000,0,0,2547,,unknown,35,35,attack,normal
237093,470000,0,0,2551,,unknown,35,35,attack,normal
237100,350000,0,0,2542,,unknown,35,35,attack,normal
237098,340000,0,0,2541,,unknown,35,35,attack,normal
237083,160000,0,0,2547,,unknown,35,35,attack,normal
237084,160000,0,0,2558,,unknown,35,35,attack,normal
237080,82000,67900,0,2542,,unknown,35,35,attack,normal
237089,110000,23500,0,2558,,unknown,35,35,attack,normal
237086,120000,0,0,2551,,unknown,35,35,attack,normal
237099,83000,0,0,2552,,unknown,35,35,attack,normal
237096,82000,0,0,2559,,unknown,35,35,attack,normal
237078,77000,0,0,2553,,unknown,35,35,attack,normal
237091,73000,0,0,2558,,unknown,35,35,attack,normal
237101,27000000,769000,0,2543,,unknown,36,36,attack,normal
237494,0,0,0,6353,237101.0,unknown,36,36,attack,failed
237103,27000000,5640,0,2544,,unknown,36,36,attack,normal
237106,5200000,0,0,2556,,unknown,36,36,attack,normal
237115,3600000,0,0,2557,,unknown,36,36,attack,normal
237121,2600000,0,0,2549,,unknown,36,36,attack,normal
237107,1800000,0,0,2551,,unknown,36,36,attack,normal
237104,650000,0,0,2555,,unknown,36,36,attack,normal
237123,630000,0,0,2549,,unknown,36,36,attack,normal
237112,460000,0,0,2553,,unknown,36,36,attack,normal
237102,340000,0,0,2560,,unknown,36,36,attack,normal
237108,320000,0,0,2541,,unknown,36,36,attack,normal
237118,160000,0,0,2545,,unknown,36,36,attack,normal
237105,150000,0,0,2552,,unknown,36,36,attack,normal
237114,150000,0,0,2554,,unknown,36,36,attack,normal
237119,150000,0,0,2552,,unknown,36,36,attack,normal
237124,120000,0,0,2543,,unknown,36,36,attack,normal
237110,110000,0,0,2545,,unknown,36,36,attack,normal
237113,110000,0,0,2550,,unknown,36,36,attack,normal
237116,110000,0,0,2557,,unknown,36,36,attack,normal
237122,110000,0,0,2542,,unknown,36,36,attack,normal
237111,98000,0,0,2542,,unknown,36,36,attack,normal
237117,83000,0,0,2557,,unknown,36,36,attack,normal
237109,73000,0,0,2556,,unknown,36,36,attack,normal
237120,73000,0,0,2551,,unknown,36,36,attack,normal
237136,3600000,155000,0,2555,,unknown,37,37,attack,normal
237495,0,0,0,6355,237136.0,unknown,37,37,attack,failed
237129,2100000,0,0,2558,,unknown,37,37,attack,normal
237139,2000000,0,0,2542,,unknown,37,37,attack,normal
237148,1800000,0,0,2547,,unknown,37,37,attack,normal
237138,1700000,0,0,2552,,unknown,37,37,attack,normal
237126,1600000,0,0,2551,,unknown,37,37,attack,normal
237125,1500000,0,0,2545,,unknown,37,37,attack,normal
237127,1100000,0,0,2542,,unknown,37,37,attack,normal
237132,1100000,0,0,2551,,unknown,37,37,attack,normal
237134,1100000,0,0,2545,,unknown,37,37,attack,normal
237144,1100000,0,0,2551,,unknown,37,37,attack,normal
237142,970000,0,0,2555,,unknown,37,37,attack,normal
237145,650000,73100,0,2550,,unknown,37,37,attack,normal
237131,670000,0,0,2549,,unknown,37,37,attack,normal
237141,340000,0,0,2542,,unknown,37,37,attack,normal
237128,120000,195000,0,2555,,unknown,37,37,attack,normal
237147,260000,0,0,2546,,unknown,37,37,attack,normal
237130,220000,0,0,2556,,unknown,37,37,attack,normal
237133,160000,21800,0,2552,,unknown,37,37,attack,normal
237135,160000,0,0,2548,,unknown,37,37,attack,normal
237137,150000,0,0,2550,,unknown,37,37,attack,normal
237143,110000,0,0,2543,,unknown,37,37,attack,normal
237140,87000,0,0,2558,,unknown,37,37,attack,normal
237146,77000,0,0,2544,,unknown,37,37,attack,normal
237151,30000000,0,0,2548,,unknown,38,38,attack,normal
237167,27000000,0,0,2550,,unknown,38,38,attack,normal
237164,6100000,0,0,2550,,unknown,38,38,attack,normal
237170,5000000,0,0,2542,,unknown,38,38,attack,normal
237158,4200000,0,0,2554,,unknown,38,38,attack,normal
237171,3600000,0,0,2547,,unknown,38,38,attack,normal
237157,460000,1100000,0,2546,,unknown,38,38,attack,normal
237496,0,0,0,6353,237157.0,unknown,38,38,attack,failed
237160,1300000,0,0,2551,,unknown,38,38,attack,normal
237161,1300000,0,0,2541,,unknown,38,38,attack,normal
237150,1000000,0,0,2545,,unknown,38,38,attack,normal
237152,1000000,0,0,2550,,unknown,38,38,attack,normal
237156,870000,5180,0,2542,,unknown,38,38,attack,normal
237165,530000,0,0,2554,,unknown,38,38,attack,normal
237149,350000,0,0,2554,,unknown,38,38,attack,normal
237162,340000,0,0,2556,,unknown,38,38,attack,normal
237169,320000,0,0,2557,,unknown,38,38,attack,normal
237155,260000,0,0,2559,,unknown,38,38,attack,normal
237159,220000,0,0,2550,,unknown,38,38,attack,normal
237166,150000,0,0,2554,,unknown,38,38,attack,normal
237168,150000,0,0,2544,,unknown,38,38,attack,normal
237153,80000,66100,0,2541,,unknown,38,38,attack,normal
237172,120000,16400,0,2550,,unknown,38,38,attack,normal
237163,120000,0,0,2547,,unknown,38,38,attack,normal
237154,84000,0,0,2545,,unknown,38,38,attack,normal
237188,43000000,0,0,2559,,unknown,39,39,attack,normal
237189,27000000,0,0,2551,,unknown,39,39,attack,normal
237193,27000000,0,0,2560,,unknown,39,39,attack,normal
237180,3600000,0,0,2556,,unknown,39,39,attack,normal
237181,3500000,0,0,2557,,unknown,39,39,attack,normal
237191,3500000,0,0,2549,,unknown,39,39,attack,normal
237173,2600000,0,0,2545,,unknown,39,39,attack,normal
237190,1800000,7840,0,2541,,unknown,39,39,attack,normal
237497,0,0,0,6353,237190.0,unknown,39,39,attack,failed
237182,1100000,0,0,2557,,unknown,39,39,attack,normal
237194,630000,0,0,2557,,unknown,39,39,attack,normal
237187,350000,0,0,2554,,unknown,39,39,attack,normal
237196,350000,0,0,2558,,unknown,39,39,attack,normal
237185,320000,0,0,2559,,unknown,39,39,attack,normal
237177,300000,0,0,2552,,unknown,39,39,attack,normal
237183,260000,0,0,2544,,unknown,39,39,attack,normal
237195,260000,0,0,2542,,unknown,39,39,attack,normal
237186,220000,0,0,2548,,unknown,39,39,attack,normal
237174,120000,0,0,2553,,unknown,39,39,attack,normal
237192,120000,0,0,2544,,unknown,39,39,attack,normal
237184,110000,0,0,2545,,unknown,39,39,attack,normal
237176,100000,0,0,2542,,unknown,39,39,attack,normal
237178,79000,13900,0,2556,,unknown,39,39,attack,normal
237175,87000,0,0,2548,,unknown,39,39,attack,normal
237179,84000,0,0,2554,,unknown,39,39,attack,normal
237218,6300000,0,0,2559,,unknown,40,40,attack,normal
237220,6300000,0,0,2545,,unknown,40,40,attack,normal
237216,2500000,0,0,2556,,unknown,40,40,attack,normal
237203,2300000,0,0,2553,,unknown,40,40,attack,normal
237204,1900000,0,0,2553,,unknown,40,40,attack,normal
237209,1500000,0,0,2542,,unknown,40,40,attack,normal
237210,1200000,0,0,2553,,unknown,40,40,attack,normal
237199,970000,155000,0,2545,,unknown,40,40,attack,normal
237498,0,0,0,6355,237199.0,unknown,40,40,attack,failed
237208,1000000,0,0,2548,,unknown,40,40,attack,normal
237217,910000,0,0,2558,,unknown,40,40,attack,normal
237215,630000,0,0,2553,,unknown,40,40,attack,normal
237211,420000,60700,0,2559,,unknown,40,40,attack,normal
237200,370000,0,0,2551,,unknown,40,40,attack,normal
237207,370000,0,0,2545,,unknown,40,40,attack,normal
237219,350000,0,0,2551,,unknown,40,40,attack,normal
237198,240000,0,0,2548,,unknown,40,40,attack,normal
237201,150000,0,0,2553,,unknown,40,40,attack,normal
237212,120000,0,0,2548,,unknown,40,40,attack,normal
237213,120000,0,0,2542,,unknown,40,40,attack,normal
237197,110000,0,0,2556,,unknown,40,40,attack,normal
237202,110000,0,0,2546,,unknown,40,40,attack,normal
237214,110000,0,0,2541,,unknown,40,40,attack,normal
237205,87000,0,0,2548,,unknown,40,40,attack,normal
237206,79000,0,0,2555,,unknown,40,40,attack,normal
237223,19000000,0,0,2559,,unknown,41,41,attack,normal
237236,3600000,12300,0,2542,,unknown,41,41,attack,normal
237499,0,0,0,6352,237236.0,unknown,41,41,attack,failed
237233,3500000,0,0,2555,,unknown,41,41,attack,normal
237239,2600000,0,0,2558,,unknown,41,41,attack,normal
237244,2500000,0,0,2541,,unknown,41,41,attack,normal
237221,1800000,195000,0,2557,,unknown,41,41,attack,normal
237222,1800000,0,0,2555,,unknown,41,41,attack,normal
237224,1600000,0,0,2551,,unknown,41,41,attack,normal
237242,1300000,181000,0,2557,,unknown,41,41,attack,normal
237231,1200000,0,0,2559,,unknown,41,41,attack,normal
237226,1000000,0,0,2553,,unknown,41,41,attack,normal
237232,1000000,0,0,2542,,unknown,41,41,attack,normal
237240,670000,0,0,2542,,unknown,41,41,attack,normal
237241,660000,0,0,2545,,unknown,41,41,attack,normal
237229,460000,0,0,2548,,unknown,41,41,attack,normal
237243,350000,0,0,2558,,unknown,41,41,attack,normal
237235,220000,0,0,2552,,unknown,41,41,attack,normal
237237,170000,0,0,2552,,unknown,41,41,attack,normal
237228,130000,23500,0,2549,,unknown,41,41,attack,normal
237225,150000,0,0,2546,,unknown,41,41,attack,normal
237238,150000,0,0,2545,,unknown,41,41,attack,normal
237227,120000,0,0,2547,,unknown,41,41,attack,normal
237234,83000,0,0,2551,,unknown,41,41,attack,normal
237230,73000,0,0,2552,,unknown,41,41,attack,normal
237265,43000000,0,0,2550,,unknown,42,42,attack,normal
237253,5200000,0,0,2548,,unknown,42,42,attack,normal
237250,2500000,0,0,2559,,unknown,42,42,attack,normal
237262,2000000,0,0,2557,,unknown,42,42,attack,normal
237258,1800000,0,0,2542,,unknown,42,42,attack,normal
237248,1500000,0,0,2559,,unknown,42,42,attack,normal
237260,1000000,0,0,2556,,unknown,42,42,attack,normal
237259,910000,0,0,2551,,unknown,42,42,attack,normal
237255,870000,0,0,2558,,unknown,42,42,attack,normal
237267,670000,0,0,2552,,unknown,42,42,attack,normal
237266,340000,195000,0,2551,,unknown,42,42,attack,normal
237500,0,0,0,6352,237266.0,unknown,42,42,attack,failed
237256,460000,0,0,2557,,unknown,42,42,attack,normal
237254,420000,0,0,2553,,unknown,42,42,attack,normal
237264,370000,0,0,2542,,unknown,42,42,attack,normal
237268,370000,0,0,2548,,unknown,42,42,attack,normal
237247,300000,0,0,2559,,unknown,42,42,attack,normal
237245,260000,0,0,2551,,unknown,42,42,attack,normal
237246,260000,0,0,2549,,unknown,42,42,attack,normal
237249,240000,0,0,2553,,unknown,42,42,attack,normal
237252,240000,0,0,2546,,unknown,42,42,attack,normal
237251,220000,0,0,2550,,unknown,42,42,attack,normal
237257,160000,39400,0,2543,,unknown,42,42,attack,normal
237263,120000,0,0,2557,,unknown,42,42,attack,normal
237261,85000,0,0,2549,,unknown,42,42,attack,normal
237280,43000000,0,0,2549,,unknown,43,43,attack,normal
237273,27000000,0,0,2553,,unknown,43,43,attack,normal
237272,4500000,0,0,2543,,unknown,43,43,attack,normal
237277,4500000,0,0,2555,,unknown,43,43,attack,normal
237289,4500000,0,0,2549,,unknown,43,43,attack,normal
237292,3600000,0,0,2544,,unknown,43,43,attack,normal
237271,2400000,0,0,2541,,unknown,43,43,attack,normal
237286,2400000,0,0,2547,,unknown,43,43,attack,normal
237282,2300000,0,0,2544,,unknown,43,43,attack,normal
237270,1400000,0,0,2546,,unknown,43,43,attack,normal
237285,970000,0,0,2549,,unknown,43,43,attack,normal
237279,600000,0,0,2549,,unknown,43,43,attack,normal
237278,420000,0,0,2549,,unknown,43,43,attack,normal
237291,420000,0,0,2542,,unknown,43,43,attack,normal
237269,360000,0,0,2559,,unknown,43,43,attack,normal
237274,170000,0,0,2548,,unknown,43,43,attack,normal
237276,160000,0,0,2552,,unknown,43,43,attack,normal
237283,160000,0,0,2546,,unknown,43,43,attack,normal
237275,120000,0,0,2543,,unknown,43,43,attack,normal
237288,120000,0,0,2552,,unknown,43,43,attack,normal
237290,120000,0,0,2559,,unknown,43,43,attack,normal
237281,110000,0,0,2554,,unknown,43,43,attack,normal
237287,100000,0,0,2547,,unknown,43,43,attack,normal
237284,73000,0,0,2542,,unknown,43,43,attack,normal
237316,5200000,0,0,2542,,unknown,44,44,attack,normal
237309,5000000,0,0,2552,,unknown,44,44,attack,normal
237313,4500000,0,0,2558,,unknown,44,44,attack,normal
237304,2500000,0,0,2548,,unknown,44,44,attack,normal
237298,2300000,0,0,2556,,unknown,44,44,attack,normal
237307,2000000,0,0,2556,,unknown,44,44,attack,normal
237308,1800000,0,0,2543,,unknown,44,44,attack,normal
237296,1500000,0,0,2545,,unknown,44,44,attack,normal
237301,1400000,0,0,2558,,unknown,44,44,attack,normal
237311,1100000,0,0,2549,,unknown,44,44,attack,normal
237312,670000,0,0,2560,,unknown,44,44,attack,normal
237300,630000,0,0,2557,,unknown,44,44,attack,normal
237297,600000,0,0,2554,,unknown,44,44,attack,normal
237303,420000,0,0,2544,,unknown,44,44,attack,normal
237294,320000,0,0,2555,,unknown,44,44,attack,normal
237302,310000,0,0,2544,,unknown,44,44,attack,normal
237299,300000,0,0,2550,,unknown,44,44,attack,normal
237305,260000,0,0,2550,,unknown,44,44,attack,normal
237310,190000,0,0,2542,,unknown,44,44,attack,normal
237314,190000,0,0,2550,,unknown,44,44,attack,normal
237315,160000,0,0,2558,,unknown,44,44,attack,normal
237293,120000,0,0,2546,,unknown,44,44,attack,normal
237295,110000,0,0,2559,,unknown,44,44,attack,normal
237306,110000,0,0,2549,,unknown,44,44,attack,normal
237331,27000000,0,0,2560,,unknown,45,45,attack,normal
237317,19000000,0,0,2560,,unknown,45,45,attack,normal
237324,4500000,0,0,2560,,unknown,45,45,attack,normal
237321,2000000,0,0,2550,,unknown,45,45,attack,normal
237329,2000000,0,0,2553,,unknown,45,45,attack,normal
237320,1500000,0,0,2547,,unknown,45,45,attack,normal
237327,1500000,0,0,2542,,unknown,45,45,attack,normal
237323,1300000,0,0,2555,,unknown,45,45,attack,normal
237319,1000000,195000,0,2542,,unknown,45,45,attack,normal
237501,0,0,0,6355,237319.0,unknown,45,45,attack,failed
237330,1100000,0,0,2548,,unknown,45,45,attack,normal
237339,1000000,0,0,2552,,unknown,45,45,attack,normal
237336,870000,0,0,2554,,unknown,45,45,attack,normal
237328,220000,350000,0,2552,,unknown,45,45,attack,normal
237325,360000,0,0,2547,,unknown,45,45,attack,normal
237335,300000,0,0,2554,,unknown,45,45,attack,normal
237326,220000,0,0,2547,,unknown,45,45,attack,normal
237332,220000,0,0,2547,,unknown,45,45,attack,normal
237337,220000,0,0,2545,,unknown,45,45,attack,normal
237338,220000,0,0,2545,,unknown,45,45,attack,normal
237322,160000,0,0,2550,,unknown,45,45,attack,normal
237334,150000,0,0,2549,,unknown,45,45,attack,normal
237318,120000,0,0,2557,,unknown,45,45,attack,normal
237333,120000,0,0,2542,,unknown,45,45,attack,normal
237340,83000,0,0,2556,,unknown,45,45,attack,normal
237355,6100000,0,0,2551,,unknown,46,46,attack,normal
237344,5200000,0,0,2551,,unknown,46,46,attack,normal
237347,3600000,0,0,2549,,unknown,46,46,attack,normal
237359,3200000,42000,0,2555,,unknown,46,46,attack,normal
237502,0,0,0,6352,237359.0,unknown,46,46,attack,failed
237341,2600000,0,0,2545,,unknown,46,46,attack,normal
237349,2400000,0,0,2559,,unknown,46,46,attack,normal
237346,2100000,0,0,2552,,unknown,46,46,attack,normal
237353,2000000,0,0,2553,,unknown,46,46,attack,normal
237350,1100000,0,0,2556,,unknown,46,46,attack,normal
237356,970000,0,0,2549,,unknown,46,46,attack,normal
237354,910000,0,0,2553,,unknown,46,46,attack,normal
237345,670000,0,0,2558,,unknown,46,46,attack,normal
237364,530000,0,0,2552,,unknown,46,46,attack,normal
237352,470000,0,0,2541,,unknown,46,46,attack,normal
237348,460000,0,0,2548,,unknown,46,46,attack,normal
237363,460000,0,0,2541,,unknown,46,46,attack,normal
237361,310000,0,0,2546,,unknown,46,46,attack,normal
237342,220000,0,0,2545,,unknown,46,46,attack,normal
237351,190000,0,0,2551,,unknown,46,46,attack,normal
237360,190000,0,0,2546,,unknown,46,46,attack,normal
237343,77000,56200,0,2542,,unknown,46,46,attack,normal
237358,120000,5640,0,2554,,unknown,46,46,attack,normal
237357,120000,0,0,2551,,unknown,46,46,attack,normal
237362,85000,0,0,2547,,unknown,46,46,attack,normal
237375,43000000,0,0,2545,,unknown,47,47,attack,normal
237380,27000000,0,0,2550,,unknown,47,47,attack,normal
237369,6300000,0,0,2552,,unknown,47,47,attack,normal
237367,4200000,0,0,2560,,unknown,47,47,attack,normal
237368,2400000,13800,0,2560,,unknown,47,47,attack,normal
237503,0,0,0,6352,237368.0,unknown,47,47,attack,failed
237366,1600000,0,0,2555,,unknown,47,47,attack,normal
237385,1600000,0,0,2543,,unknown,47,47,attack,normal
237378,1500000,23500,0,2555,,unknown,47,47,attack,normal
237376,1500000,0,0,2557,,unknown,47,47,attack,normal
237381,1100000,0,0,2544,,unknown,47,47,attack,normal
237372,1000000,0,0,2558,,unknown,47,47,attack,normal
237379,1000000,0,0,2555,,unknown,47,47,attack,normal
237382,1000000,0,0,2559,,unknown,47,47,attack,normal
237365,970000,0,0,2557,,unknown,47,47,attack,normal
237371,670000,0,0,2545,,unknown,47,47,attack,normal
237374,630000,0,0,2551,,unknown,47,47,attack,normal
237377,350000,146000,0,2550,,unknown,47,47,attack,normal
237387,340000,0,0,2551,,unknown,47,47,attack,normal
237384,320000,0,0,2557,,unknown,47,47,attack,normal
237373,310000,0,0,2554,,unknown,47,47,attack,normal
237388,130000,0,0,2548,,unknown,47,47,attack,normal
237370,120000,0,0,2545,,unknown,47,47,attack,normal
237383,120000,0,0,2559,,unknown,47,47,attack,normal
237386,84000,0,0,2553,,unknown,47,47,attack,normal
237397,19000000,0,0,2550,,unknown,48,48,attack,normal
237399,5000000,0,0,2554,,unknown,48,48,attack,normal
237405,5000000,0,0,2547,,unknown,48,48,attack,normal
237392,3500000,0,0,2549,,unknown,48,48,attack,normal
237398,3500000,0,0,2547,,unknown,48,48,attack,normal
237412,2300000,0,0,2546,,unknown,48,48,attack,normal
237394,1300000,0,0,2550,,unknown,48,48,attack,normal
237407,1000000,0,0,2544,,unknown,48,48,attack,normal
237408,970000,0,0,2541,,unknown,48,48,attack,normal
237400,910000,0,0,2550,,unknown,48,48,attack,normal
237401,420000,0,0,2549,,unknown,48,48,attack,normal
237393,300000,0,0,2541,,unknown,48,48,attack,normal
237390,220000,0,0,2558,,unknown,48,48,attack,normal
237391,220000,0,0,2559,,unknown,48,48,attack,normal
237395,170000,0,0,2546,,unknown,48,48,attack,normal
237389,120000,0,0,2546,,unknown,48,48,attack,normal
237396,120000,0,0,2542,,unknown,48,48,attack,normal
237402,120000,0,0,2552,,unknown,48,48,attack,normal
237411,120000,0,0,2560,,unknown,48,48,attack,normal
237404,100000,0,0,2547,,unknown,48,48,attack,normal
237403,98000,0,0,2542,,unknown,48,48,attack,normal
237410,84000,0,0,2545,,unknown,48,48,attack,normal
237409,77000,0,0,2556,,unknown,48,48,attack,normal
237406,73000,0,0,2545,,unknown,48,48,attack,normal
237432,5000000,0,0,2542,,unknown,49,49,attack,normal
237422,2400000,0,0,2542,,unknown,49,49,attack,normal
237423,2000000,0,0,2544,,unknown,49,49,attack,normal
237426,1400000,146000,0,2557,,unknown,49,49,attack,normal
237504,0,0,0,6355,237426.0,unknown,49,49,attack,failed
237427,870000,0,0,2549,,unknown,49,49,attack,normal
237421,630000,0,0,2548,,unknown,49,49,attack,normal
237436,600000,0,0,2548,,unknown,49,49,attack,normal
237431,530000,0,0,2550,,unknown,49,49,attack,normal
237425,470000,0,0,2543,,unknown,49,49,attack,normal
237428,470000,0,0,2558,,unknown,49,49,attack,normal
237415,340000,0,0,2546,,unknown,49,49,attack,normal
237429,320000,0,0,2542,,unknown,49,49,attack,normal
237417,310000,0,0,2547,,unknown,49,49,attack,normal
237435,260000,0,0,2542,,unknown,49,49,attack,normal
237419,220000,0,0,2551,,unknown,49,49,attack,normal
237433,190000,0,0,2554,,unknown,49,49,attack,normal
237414,170000,0,0,2551,,unknown,49,49,attack,normal
237434,160000,0,0,2547,,unknown,49,49,attack,normal
237416,120000,0,0,2555,,unknown,49,49,attack,normal
237424,120000,0,0,2558,,unknown,49,49,attack,normal
237418,98000,0,0,2552,,unknown,49,49,attack,normal
237413,87000,0,0,2559,,unknown,49,49,attack,normal
237420,87000,0,0,2543,,unknown,49,49,attack,normal
237430,73000,0,0,2546,,unknown,49,49,attack,normal
237458,30000000,0,0,2549,,unknown,50,50,attack,normal
237439,6100000,0,0,2556,,unknown,50,50,attack,normal
237438,5000000,0,0,2551,,unknown,50,50,attack,normal
237443,5000000,0,0,2550,,unknown,50,50,attack,normal
237456,5000000,0,0,2555,,unknown,50,50,attack,normal
237452,3500000,0,0,2544,,unknown,50,50,attack,normal
237440,2600000,0,0,2543,,unknown,50,50,attack,normal
237437,2400000,0,0,2550,,unknown,50,50,attack,normal
237447,1900000,369000,0,2555,,unknown,50,50,attack,normal
237505,0,0,0,6352,237447.0,unknown,50,50,attack,failed
237450,2100000,0,0,2543,,unknown,50,50,attack,normal
237457,1800000,0,0,2550,,unknown,50,50,attack,normal
237448,1600000,0,0,2541,,unknown,50,50,attack,normal
237459,1600000,0,0,2558,,unknown,50,50,attack,normal
237444,970000,0,0,2541,,unknown,50,50,attack,normal
237442,670000,0,0,2558,,unknown,50,50,attack,normal
237445,670000,0,0,2543,,unknown,50,50,attack,normal
237446,530000,0,0,2541,,unknown,50,50,attack,normal
237441,360000,0,0,2542,,unknown,50,50,attack,normal
237455,310000,0,0,2554,,unknown,50,50,attack,normal
237449,220000,0,0,2555,,unknown,50,50,attack,normal
237451,170000,0,0,2549,,unknown,50,50,attack,normal
237453,110000,0,0,2547,,unknown,50,50,attack,normal
237454,84000,0,0,2552,,unknown,50,50,attack,normal
237460,80000,0,0,2544,,unknown,50,50,attack,normal
